﻿date,location,new_cases,new_deaths,total_cases,total_deaths
4/19/2020,Canada,1469,158,33341,1467
4/20/2020,Canada,1436,113,34777,1580
4/21/2020,Canada,2046,110,36823,1690
4/22/2020,Canada,1590,144,38413,1834
4/23/2020,Canada,1766,140,40179,1974
4/24/2020,Canada,1920,172,42099,2146
4/25/2020,Canada,1778,156,43877,2302
4/26/2020,Canada,1464,163,45341,2465
4/27/2020,Canada,1543,95,46884,2560
